1001	张伟	主任医师	内科	1	0	1	0	1	0	0	5	0
1002	王芳	副主任医师	外科	0	1	0	1	0	1	0	3	0
1003	李娜	主治医师	儿科	1	1	1	1	1	0	0	8	0
1004	刘强	住院医师	急诊科	1	1	1	1	1	1	1	12	0
1005	陈静	主任医师	妇产科	0	0	1	0	1	0	1	2	0
1006	杨洋	副主任医师	眼科	1	0	0	1	0	0	0	4	0
1007	黄磊	主治医师	耳鼻喉科	0	1	1	0	0	1	0	6	0
1008	周丹	住院医师	口腔科	1	0	1	0	1	0	0	7	0
1009	吴杰	主任医师	皮肤科	1	1	0	0	1	1	0	1	0
1010	徐峥	副主任医师	中医科	0	0	0	1	1	1	1	9	0
1011	孙博	主治医师	骨科	1	0	1	0	0	0	0	2	0
1012	马丽	主任医师	心内科	1	1	1	1	1	0	0	5	0
1013	赵刚	副主任医师	神经内科	0	1	0	1	0	1	0	4	0
1014	郭明	主治医师	消化内科	1	0	1	0	1	0	0	6	0
1015	范冰	住院医师	呼吸内科	0	1	1	0	1	0	0	8	0
1016	丁一	主任医师	泌尿外科	1	1	0	0	0	1	1	3	0
1017	孔晓	副主任医师	内分泌科	1	0	1	1	0	0	0	2	0
1018	曹操	主治医师	风湿免疫	0	1	0	1	1	0	0	4	0
1019	魏延	住院医师	康复科	1	1	1	1	1	1	1	10	0
1020	诸葛	主任医师	心理科	0	0	0	0	1	1	1	1	0
1021	关羽	副主任医师	普通外科	1	0	1	0	1	0	0	5	0
1022	张飞	主治医师	胸外科	0	1	0	1	0	1	0	3	0
1023	赵云	住院医师	麻醉科	1	1	1	1	1	1	1	15	0
1024	马超	主任医师	肝胆外科	1	0	1	0	1	0	0	4	0
1025	黄忠	副主任医师	老年医学	0	1	0	1	0	1	0	6	0
1026	姜维	主治医师	肿瘤内科	1	1	1	1	1	0	0	7	0
1027	庞统	住院医师	病理科	0	0	1	0	1	0	0	2	0
1028	魏征	主任医师	重症医学	1	1	1	1	1	1	1	9	0
1029	杜甫	副主任医师	放射科	0	1	1	0	1	0	0	5	0
1030	李白	主治医师	检验科	1	0	1	0	1	0	0	8	0
1031	韩信	住院医师	急诊科	1	1	1	1	1	1	1	11	0
1032	萧何	主任医师	内科	1	0	1	0	1	0	0	3	0
1033	张良	副主任医师	外科	0	1	0	1	0	1	0	2	0
1034	樊哙	主治医师	儿科	1	1	1	1	0	0	0	6	0
1035	夏侯	住院医师	妇产科	0	0	1	0	1	1	0	4	0
1036	许褚	主任医师	皮肤科	1	1	1	0	0	0	0	5	0
1037	典韦	副主任医师	眼科	0	1	0	1	0	0	0	3	0
1038	周瑜	主治医师	中医科	1	0	1	1	1	0	0	7	0
1039	陆逊	住院医师	骨科	1	1	1	1	0	1	0	5	0
1040	吕蒙	主任医师	耳鼻喉科	0	1	0	1	0	1	1	4	0
1041	甘宁	副主任医师	口腔科	1	1	0	0	1	0	0	6	0
1042	孙策	主治医师	泌尿外科	0	0	1	1	0	1	0	3	0
1043	太史	住院医师	神经内科	1	0	1	0	1	0	1	8	0
1044	程普	主任医师	呼吸内科	1	1	1	0	0	0	0	4	0
1045	黄盖	副主任医师	消化内科	0	1	0	1	1	0	0	5	0
1046	鲁肃	主治医师	心内科	1	0	1	0	0	1	0	2	0
1047	凌统	住院医师	康复科	0	1	1	1	1	1	1	9	0
1048	周泰	主任医师	胸外科	1	1	0	0	1	0	0	3	0
1049	徐盛	副主任医师	麻醉科	1	0	1	0	1	1	1	12	0
1050	潘璋	主治医师	普外科	0	1	0	1	0	1	0	6	0
1051	袁绍	主任医师	内科	1	0	1	0	1	0	0	4	0
1052	袁术	副主任医师	外科	0	1	0	1	0	1	0	3	0
1053	吕布	主治医师	儿科	1	1	1	1	1	0	0	9	0
1054	董卓	住院医师	急诊科	1	1	1	1	1	1	1	14	0
1055	司马	主任医师	妇产科	0	0	1	0	1	0	1	2	0
1056	张辽	副主任医师	眼科	1	0	0	1	0	0	0	5	0
1057	乐进	主治医师	耳鼻喉科	0	1	1	0	0	1	0	4	0
1058	于禁	住院医师	口腔科	1	0	1	0	1	0	0	6	0
1059	张郃	主任医师	皮肤科	1	1	0	0	1	1	0	2	0
1060	徐晃	副主任医师	中医科	0	0	0	1	1	1	1	8	0
1061	高顺	主治医师	骨科	1	0	1	0	0	0	0	3	0
1062	陈宫	主任医师	心内科	1	1	1	1	1	0	0	5	0
1063	华佗	副主任医师	神经内科	0	1	0	1	0	1	0	4	0
1064	郭嘉	主治医师	消化内科	1	0	1	0	1	0	0	7	0
1065	荀彧	住院医师	呼吸内科	0	1	1	0	1	0	0	6	0
1066	荀攸	主任医师	泌尿外科	1	1	0	0	0	1	1	3	0
1067	程昱	副主任医师	内分泌科	1	0	1	1	0	0	0	2	0
1068	贾诩	主治医师	风湿免疫	0	1	0	1	1	0	0	4	0
1069	钟会	住院医师	康复科	1	1	1	1	1	1	1	11	0
1070	邓艾	主任医师	心理科	0	0	0	0	1	1	1	2	0
1071	姜叙	副主任医师	普通外科	1	0	1	0	1	0	0	5	0
1072	严颜	主治医师	胸外科	0	1	0	1	0	1	0	4	0
1073	廖化	住院医师	麻醉科	1	1	1	1	1	1	1	13	0
1074	王平	主任医师	肝胆外科	1	0	1	0	1	0	0	4	0
1075	马岱	副主任医师	老年医学	0	1	0	1	0	1	0	6	0
1076	祝融	主治医师	肿瘤内科	1	1	1	1	1	0	0	8	0
1077	孟获	住院医师	病理科	0	0	1	0	1	0	0	3	0
1078	法正	主任医师	重症医学	1	1	1	1	1	1	1	10	0
1079	魏续	副主任医师	放射科	0	1	1	0	1	0	0	5	0
1080	宋宪	主治医师	检验科	1	0	1	0	1	0	0	7	0
1081	成廉	住院医师	急诊科	1	1	1	1	1	1	1	12	0
1082	郝昭	主任医师	内科	1	0	1	0	1	0	0	4	0
1083	郭淮	副主任医师	外科	0	1	0	1	0	1	0	2	0
1084	陈到	主治医师	儿科	1	1	1	1	0	0	0	5	0
1085	曹真	住院医师	妇产科	0	0	1	0	1	1	0	4	0
1086	曹休	主任医师	皮肤科	1	1	1	0	0	0	0	5	0
1087	曹植	副主任医师	眼科	0	1	0	1	0	0	0	3	0
1088	曹丕	主治医师	中医科	1	0	1	1	1	0	0	6	0
1089	羊祜	住院医师	骨科	1	1	1	1	0	1	0	5	0
1090	杜预	主任医师	耳鼻喉科	0	1	0	1	0	1	1	4	0
1091	王睿	副主任医师	口腔科	1	1	0	0	1	0	0	7	0
1092	马忠	主治医师	泌尿外科	0	0	1	1	0	1	0	3	0
1093	蒋琬	住院医师	神经内科	1	0	1	0	1	0	1	9	0
1094	费祎	主任医师	呼吸内科	1	1	1	0	0	0	0	4	0
1095	董允	副主任医师	消化内科	0	1	0	1	1	0	0	5	0
1096	高览	主治医师	心内科	1	0	1	0	0	1	0	2	0
1097	文丑	住院医师	康复科	0	1	1	1	1	1	1	10	0
1098	颜良	主任医师	胸外科	1	1	0	0	1	0	0	3	0
1099	田丰	副主任医师	麻醉科	1	0	1	0	1	1	1	11	0
1100	沮授	主治医师	普外科	0	1	0	1	0	1	0	5	0
