2001	赵一		500000	0
2002	钱二		12500		0
2003	孙三		880000	0
2004	李四		3000		0
2005	周五		150000	0
2006	吴六		2000000	0
2007	郑七		0				0
2008	王八		45600		0
2009	冯九		999999	0
2010	陈十		120000	0
2011		苏一一	55000		0
2012	韩二二	10000		0
2013	杨三三	670000	0
2014	沈四四	34500		0
2015	朱五五	90000		0
2016	秦六六	1200		0
2017	尤七七	430000	0
2018	许八八	18000		0
2019	何九九	250000	0
2020	吕十十	7700		0
2021	张甲		88000		0
2022	王乙		110000		0
2023	李丙		5000		0
2024	刘丁		230000	0
2025	陈戊		1200000	0
2026	杨己		15000		0
2027	黄庚		450000	0
2028	周辛		3200		0
2029	吴壬		90000		0
2030	徐癸		66000		0
2031	林木		44000		0
2032	森火		12000		0
2033	土金		890000	0
2034	水山		56000		0
2035	石天		140000	0
2036	云地		2100		0
2037	风雷		370000	0
2038	雨电		28000		0
2039	光影		180000	0
2040	虚实		9500		0
2041	张大		120000	0
2042	张二		34000		0
2043	张三		6700		0
2044	张四		890000	0
2045	张五		45000		0
2046	李大		12000		0
2047	李二		78000		0
2048	李三		2300		0
2049	李四		340000	0
2050	李五		56000		0
2051	王一		44000		0
2052	王二		99000		0
2053	王三		1500		0
2054	王四		270000	0
2055	王五		130000	0
2056	刘一		11000		0
2057	刘二		560000	0
2058	刘三		4200		0
2059	刘四		88000		0
2060	刘五		63000		0
2061	陈一		35000		0
2062	陈二		82000		0
2063	陈三		500			0
2064	陈四		240000	0
2065	陈五		150000	0
2066	赵大		21000		0
2067	赵二		470000	0
2068	赵三		5200		0
2069	赵四		92000		0
2070	赵五		69000		0
2071	孙一		45000		0
2072	孙二		76000		0
2073	孙三		1200		0
2074	孙四		280000	0
2075	孙五		110000		0
2076	周一		18000		0
2077	周二		590000	0
2078	周三		3300		0
2079	周四		85000		0
2080	周五		58000		0
2081	吴一		41000		0
2082	吴二		64000		0
2083	吴三		2200		0
2084	吴四		290000	0
2085	吴五		140000	0
2086	郑一		12000		0
2087	郑二		610000	0
2088	郑三		4800		0
2089	郑四		79000		0
2090	郑五		61000		0
2091	冯一		32000		0
2092	冯二		81000		0
2093	冯三		1900		0
2094	冯四		210000	0
2095	冯五		120000	0
2096	韩一		11000		0
2097	韩二		550000	0
2098	韩三		3600		0
2099	韩四		82000		0
2100	韩五		75000		0