1001    张伟            主任医师        内科            1   0   1   0   1   0   0   5
1002    王芳            副主任医师      外科            0   1   0   1   0   1   0   3
1003    李娜            主治医师        儿科            1   1   1   1   1   0   0   8
1004    刘强            住院医师        急诊科          1   1   1   1   1   1   1   12
1005    陈静            主任医师        妇产科          0   0   1   0   1   0   1   2
1006    杨洋            副主任医师      眼科            1   0   0   1   0   0   0   4
1007    黄磊            主治医师        耳鼻喉科        0   1   1   0   0   1   0   6
1008    周丹            住院医师        口腔科          1   0   1   0   1   0   0   7
1009    吴杰            主任医师        皮肤科          1   1   0   0   1   1   0   1
1010    徐峥            副主任医师      中医科          0   0   0   1   1   1   1   9
1011    孙博            主治医师        骨科            1   0   1   0   0   0   0   2
1012    马丽            主任医师        心内科          1   1   1   1   1   0   0   5
1013    赵刚            副主任医师      神经内科        0   1   0   1   0   1   0   4
1014    郭明            主治医师        消化内科        1   0   1   0   1   0   0   6
1015    范冰            住院医师        呼吸内科        0   1   1   0   1   0   0   8
1016    丁一            主任医师        泌尿外科        1   1   0   0   0   1   1   3
1017    孔晓            副主任医师      内分泌科        1   0   1   1   0   0   0   2
1018    曹操            主治医师        风湿免疫        0   1   0   1   1   0   0   4
1019    魏延            住院医师        康复科          1   1   1   1   1   1   1   10
1020    诸葛            主任医师        心理科          0   0   0   0   1   1   1   1
1021    关羽            副主任医师      普通外科        1   0   1   0   1   0   0   5
1022    张飞            主治医师        胸外科          0   1   0   1   0   1   0   3
1023    赵云            住院医师        麻醉科          1   1   1   1   1   1   1   15
1024    马超            主任医师        肝胆外科        1   0   1   0   1   0   0   4
1025    黄忠            副主任医师      老年医学        0   1   0   1   0   1   0   6
1026    姜维            主治医师        肿瘤内科        1   1   1   1   1   0   0   7
1027    庞统            住院医师        病理科          0   0   1   0   1   0   0   2
1028    魏征            主任医师        重症医学        1   1   1   1   1   1   1   9
1029    杜甫            副主任医师      放射科          0   1   1   0   1   0   0   5
1030    李白            主治医师        检验科          1   0   1   0   1   0   0   8
1031    韩信            住院医师        急诊科          1   1   1   1   1   1   1   11
1032    萧何            主任医师        内科            1   0   1   0   1   0   0   3
1033    张良            副主任医师      外科            0   1   0   1   0   1   0   2
1034    樊哙            主治医师        儿科            1   1   1   1   0   0   0   6
1035    夏侯            住院医师        妇产科          0   0   1   0   1   1   0   4
1036    许褚            主任医师        皮肤科          1   1   1   0   0   0   0   5
1037    典韦            副主任医师      眼科            0   1   0   1   0   0   0   3
1038    周瑜            主治医师        中医科          1   0   1   1   1   0   0   7
1039    陆逊            住院医师        骨科            1   1   1   1   0   1   0   5
1040    吕蒙            主任医师        耳鼻喉科        0   1   0   1   0   1   1   4
1041    甘宁            副主任医师      口腔科          1   1   0   0   1   0   0   6
1042    孙策            主治医师        泌尿外科        0   0   1   1   0   1   0   3
1043    太史            住院医师        神经内科        1   0   1   0   1   0   1   8
1044    程普            主任医师        呼吸内科        1   1   1   0   0   0   0   4
1045    黄盖            副主任医师      消化内科        0   1   0   1   1   0   0   5
1046    鲁肃            主治医师        心内科          1   0   1   0   0   1   0   2
1047    凌统            住院医师        康复科          0   1   1   1   1   1   1   9
1048    周泰            主任医师        胸外科          1   1   0   0   1   0   0   3
1049    徐盛            副主任医师      麻醉科          1   0   1   0   1   1   1   12
1050    潘璋            主治医师        普外科          0   1   0   1   0   1   0   6
1051    袁绍            主任医师        内科            1   0   1   0   1   0   0   4
1052    袁术            副主任医师      外科            0   1   0   1   0   1   0   3
1053    吕布            主治医师        儿科            1   1   1   1   1   0   0   9
1054    董卓            住院医师        急诊科          1   1   1   1   1   1   1   14
1055    司马            主任医师        妇产科          0   0   1   0   1   0   1   2
1056    张辽            副主任医师      眼科            1   0   0   1   0   0   0   5
1057    乐进            主治医师        耳鼻喉科        0   1   1   0   0   1   0   4
1058    于禁            住院医师        口腔科          1   0   1   0   1   0   0   6
1059    张郃            主任医师        皮肤科          1   1   0   0   1   1   0   2
1060    徐晃            副主任医师      中医科          0   0   0   1   1   1   1   8
1061    高顺            主治医师        骨科            1   0   1   0   0   0   0   3
1062    陈宫            主任医师        心内科          1   1   1   1   1   0   0   5
1063    华佗            副主任医师      神经内科        0   1   0   1   0   1   0   4
1064    郭嘉            主治医师        消化内科        1   0   1   0   1   0   0   7
1065    荀彧            住院医师        呼吸内科        0   1   1   0   1   0   0   6
1066    荀攸            主任医师        泌尿外科        1   1   0   0   0   1   1   3
1067    程昱            副主任医师      内分泌科        1   0   1   1   0   0   0   2
1068    贾诩            主治医师        风湿免疫        0   1   0   1   1   0   0   4
1069    钟会            住院医师        康复科          1   1   1   1   1   1   1   11
1070    邓艾            主任医师        心理科          0   0   0   0   1   1   1   2
1071    姜叙            副主任医师      普通外科        1   0   1   0   1   0   0   5
1072    严颜            主治医师        胸外科          0   1   0   1   0   1   0   4
1073    廖化            住院医师        麻醉科          1   1   1   1   1   1   1   13
1074    王平            主任医师        肝胆外科        1   0   1   0   1   0   0   4
1075    马岱            副主任医师      老年医学        0   1   0   1   0   1   0   6
1076    祝融            主治医师        肿瘤内科        1   1   1   1   1   0   0   8
1077    孟获            住院医师        病理科          0   0   1   0   1   0   0   3
1078    法正            主任医师        重症医学        1   1   1   1   1   1   1   10
1079    魏续            副主任医师      放射科          0   1   1   0   1   0   0   5
1080    宋宪            主治医师        检验科          1   0   1   0   1   0   0   7
1081    成廉            住院医师        急诊科          1   1   1   1   1   1   1   12
1082    郝昭            主任医师        内科            1   0   1   0   1   0   0   4
1083    郭淮            副主任医师      外科            0   1   0   1   0   1   0   2
1084    陈到            主治医师        儿科            1   1   1   1   0   0   0   5
1085    曹真            住院医师        妇产科          0   0   1   0   1   1   0   4
1086    曹休            主任医师        皮肤科          1   1   1   0   0   0   0   5
1087    曹植            副主任医师      眼科            0   1   0   1   0   0   0   3
1088    曹丕            主治医师        中医科          1   0   1   1   1   0   0   6
1089    羊祜            住院医师        骨科            1   1   1   1   0   1   0   5
1090    杜预            主任医师        耳鼻喉科        0   1   0   1   0   1   1   4
1091    王睿            副主任医师      口腔科          1   1   0   0   1   0   0   7
1092    马忠            主治医师        泌尿外科        0   0   1   1   0   1   0   3
1093    蒋琬            住院医师        神经内科        1   0   1   0   1   0   1   9
1094    费祎            主任医师        呼吸内科        1   1   1   0   0   0   0   4
1095    董允            副主任医师      消化内科        0   1   0   1   1   0   0   5
1096    高览            主治医师        心内科          1   0   1   0   0   1   0   2
1097    文丑            住院医师        康复科          0   1   1   1   1   1   1   10
1098    颜良            主任医师        胸外科          1   1   0   0   1   0   0   3
1099    田丰            副主任医师      麻醉科          1   0   1   0   1   1   1   11
1100    沮授            主治医师        普外科          0   1   0   1   0   1   0   5